

Appendix – Q Factor Table – 72 log scale Q values – [10.0, 0.3, 72] 
 
The data is presented as [float, node value] couples 
 
0.0000     10 
0.0141    9.5 
0.0282    9.1 
0.0423    8.6 
0.0563    8.2 
0.0704    7.8 
0.0845    7.4 
0.0986    7.1 
0.1127    6.7 
0.1268    6.4 
0.1408    6.1 
0.1549    5.8 
0.1690    5.5 
0.1831    5.3 
0.1972    5.0 
0.2113    4.8 
0.2254    4.5 
0.2394    4.3 
0.2535    4.1 
0.2676    3.9 
0.2817    3.7 
0.2958    3.5 
0.3099    3.4 
0.3239    3.2 
0.3380    3.1 
 
0.3521    2.9 
0.3662    2.8 
0.3803    2.6 
0.3944    2.5 
0.4085    2.4 
0.4225    2.3 
0.4366    2.2 
0.4507    2.1 
0.4648    2.0 
0.4789    1.9 
0.4930    1.8 
0.5070    1.7 
0.5211    1.6 
0.5352    1.5 
0.5493    1.5 
0.5634    1.4 
0.5775    1.3 
0.5915    1.3 
0.6056    1.2 
0.6197    1.1 
0.6338    1.1 
0.6479    1.0 
0.6620    1.0 
0.6761    0.9 
0.6901    0.9 
 
0.7042    0.8 
0.7183    0.8 
0.7324    0.8 
0.7465    0.7 
0.7606    0.7 
0.7746    0.7 
0.7887    0.6 
0.8028    0.6 
0.8169    0.6 
0.8310    0.5 
0.8451    0.5 
0.8592    0.5 
0.8732    0.5 
0.8873    0.4 
0.9014    0.4 
0.9155    0.4 
0.9296    0.4 
0.9437    0.4 
0.9577    0.3 
0.9718    0.3 
0.9859    0.3 
1.0000    0.3 
 
    
