Appendix – Frequency Table – 201 log scale frequency values – [20 Hz, 20 kHz] 
 
The data is presented as [float, node value] couples 
 
0.0000   20.0 
0.0050   20.7 
0.0100   21.4 
0.0150   22.2 
0.0200   23.0 
0.0250   23.8 
0.0300   24.6 
0.0350   25.5 
0.0400   26.4 
0.0450   27.3 
0.0500   28.3 
0.0550   29.2 
0.0600   30.3 
0.0650   31.3 
0.0700   32.4 
0.0750   33.6 
0.0800   34.8 
0.0850   36.0 
0.0900   37.2 
0.0950   38.6 
0.1000   39.9 
0.1050   41.3 
0.1100   42.8 
0.1150   44.3 
0.1200   45.8 
0.1250   47.4 
0.1300   49.1 
0.1350   50.8 
0.1400   52.6 
0.1450   54.5 
0.1500   56.4 
0.1550   58.3 
0.1600   60.4 
0.1650   62.5 
0.1700   64.7 
0.1750   67.0 
0.1800   69.3 
0.1850   71.8 
0.1900   74.3 
0.1950   76.9 
0.2000   79.6 
 
0.2050   82.4 
0.2100   85.3 
0.2150   88.3 
0.2200   91.4 
0.2250   94.6 
0.2300   98.0 
0.2350   101.4 
0.2400   105.0 
0.2450   108.7 
0.2500   112.5 
0.2550   116.4 
0.2600   120.5 
0.2650   124.7 
0.2700   129.1 
0.2750   133.7 
0.2800   138.4 
0.2850   143.2 
0.2900   148.3 
0.2950   153.5 
0.3000   158.9 
0.3050   164.4 
0.3100   170.2 
0.3150   176.2 
0.3200   182.4 
0.3250   188.8 
0.3300   195.4 
0.3350   202.3 
0.3400   209.4 
0.3450   216.8 
0.3500   224.4 
0.3550   232.3 
0.3600   240.5 
0.3650   248.9 
0.3700   257.6 
0.3750   266.7 
0.3800   276.1 
0.3850   285.8 
0.3900   295.8 
0.3950   306.2 
0.4000   317.0 
0.4050   328.1 
 
0.4100   339.6 
0.4150   351.6 
0.4200   363.9 
0.4250   376.7 
0.4300   390.0 
0.4350   403.7 
0.4400   417.9 
0.4450   432.5 
0.4500   447.7 
0.4550   463.5 
0.4600   479.8 
0.4650   496.6 

0.4700   514.1 
0.4750   532.1 
0.4800   550.8 
0.4850   570.2 
0.4900   590.2 
0.4950   611.0 
0.5000   632.5 
0.5050   654.7 
0.5100   677.7 
0.5150   701.5 
0.5200   726.2 
0.5250   751.7 
0.5300   778.1 
0.5350   805.4 
0.5400   833.7 
0.5450   863.0 
0.5500   893.4 
0.5550   924.8 
0.5600   957.3 
0.5650   990.9 
0.5700   1k02 
0.5750   1k06 
0.5800   1k09 
0.5850   1k13 
0.5900   1k17 
0.5950   1k21 
0.6000   1k26 
0.6050   1k30 
0.6100   1k35 
 
0.6150   1k39 
0.6200   1k44 
0.6250   1k49 
0.6300   1k55 
0.6350   1k60 
0.6400   1k66 
0.6450   1k72 
0.6500   1k78 
0.6550   1k84 
0.6600   1k91 
0.6650   1k97 
0.6700   2k04 
0.6750   2k11 
0.6800   2k19 
0.6850   2k27 
0.6900   2k34 
0.6950   2k43 
0.7000   2k51 
0.7050   2k60 
0.7100   2k69 
0.7150   2k79 
0.7200   2k89 
0.7250   2k99 
0.7300   3k09 
0.7350   3k20 
0.7400   3k31 
0.7450   3k43 
0.7500   3k55 
0.7550   3k68 
0.7600   3k81 
0.7650   3k94 
0.7700   4k08 
0.7750   4k22 
0.7800   4k37 
0.7850   4k52 
0.7900   4k68 
0.7950   4k85 
0.8000   5k02 
0.8050   5k20 
0.8100   5k38 
0.8150   5k57 
 
0.8200   5k76 
0.8250   5k97 
0.8300   6k18 
0.8350   6k39 
0.8400   6k62 
0.8450   6k85 
0.8500   7k09 
0.8550   7k34 
0.8600   7k60 
0.8650   7k87 
0.8700   8k14 
0.8750   8k43 
0.8800   8k73 
0.8850   9k03 
0.8900   9k35 
0.8950   9k68 
0.9000   10k02 
0.9050   10k37 
0.9100   10k74 
0.9150   11k11 
0.9200   11k50 
0.9250   11k91 
0.9300   12k33 
0.9350   12k76 
0.9400   13k21 
0.9450   13k67 
0.9500   14k15 

0.9550   14k65 
0.9600   15k17 
0.9650   15k70 
0.9700   16k25 
0.9750   16k82 
0.9800   17k41 
0.9850   18k03 
0.9900   18k66 
0.9950   19k32 
1.0000   20k00 
 
    
 
 
 
Unofficial X32/M32 OSC Remote Protocol  153    Patrick‐Gilles Maillot 
Appendix – Frequency Table – 121 log scale frequency values – [20 Hz, 20 kHz] 
 
The data is presented as [float, node value] couples 
 
0.0000   20.0 
0.0083   21.2 
0.0167   22.4 
0.0250   23.8 
0.0333   25.2 
0.0417   26.7 
0.0500   28.3 
0.0583   29.9 
0.0667   31.7 
0.0750   33.6 
0.0833   35.6 
0.0917   37.7 
0.1000   39.9 
0.1083   42.3 
0.1167   44.8 
0.1250   47.4 
0.1333   50.2 
0.1417   53.2 
0.1500   56.4 
0.1583   59.7 
0.1667   63.2 
0.1750   67.0 
0.1833   71.0 
0.1917   75.2 
0.2000   79.6 
0.2083   84.3 
0.2167   89.3 
0.2250   94.6 
 
0.2333   100.2 
0.2417   106.2 
0.2500   112.5 
0.2583   119.1 
0.2667   126.2 
0.2750   133.7 
0.2833   141.6 
0.2917   150.0 
0.3000   158.9 
0.3083   168.3 
0.3167   178.3 
0.3250   188.8 
0.3333   200.0 
0.3417   211.9 
0.3500   224.4 
0.3583   237.7 
0.3667   251.8 
0.3750   266.7 
0.3833   282.5 
0.3917   299.2 
0.4000   317.0 
0.4083   335.8 
0.4167   355.7 
0.4250   376.7 
0.4333   399.1 
0.4417   422.7 
0.4500   447.7 
0.4583   474.3 
 
0.4667   502.4 
0.4750   532.1 
0.4833   563.7 
0.4917   597.1 
0.5000   632.5 
0.5083   669.9 
0.5167   709.6 
0.5250   751.7 
0.5333   796.2 
0.5417   843.4 
0.5500   893.4 
0.5583   946.3 
0.5667   1k00 
0.5750   1k06 
0.5833   1k12 
0.5917   1k19 
0.6000   1k26 
0.6083   1k33 
0.6167   1k41 
0.6250   1k49 
0.6333   1k58 
0.6417   1k68 
0.6500   1k78 
0.6583   1k88 
0.6667   2k00 
0.6750   2k11 
0.6833   2k24 
0.6917   2k37 
 
0.7000   2k51 
0.7083   2k66 
0.7167   2k82 
0.7250   2k99 
0.7333   3k16 
0.7417   3k35 
0.7500   3k55 
0.7583   3k76 
0.7667   3k99 

0.7750   4k22 
0.7833   4k47 
0.7917   4k74 
0.8000   5k02 
0.8083   5k32 
0.8167   5k63 
0.8250   5k97 
0.8333   6k32 
0.8417   6k69 
0.8500   7k09 
0.8583   7k51 
0.8667   7k96 
0.8750   8k43 
0.8833   8k93 
0.8917   9k46 
0.9000   10k02 
0.9083   10k61 
0.9167   11k24 
0.9250   11k91 
 
0.9333   12k61 
0.9417   13k36 
0.9500   14k15 
0.9583   14k99 
0.9667   15k88 
0.9750   16k82 
0.9833   17k82 
0.9917   18k88 
1.0000   20k00